                                                                                          
 1 77777177713331713337                                                          000  0 0 
 23313333311133317133333337                                                      0 0  0 0 
 1    777    111  7177                                                           0 030 10 
                          1 131732331                                            0000008  
 95555544555546653246453333 511 233 4                                            00   00  
 53311113311131337111317713 513 533 6               320000000000000  7           9000030  
                     31       7  7  1               08  190       0   7         1    9 0  
 966664666555646533 1 7        1   5              35010 0 00000000  91 609       7   0 0  
                   35172523335651253           38004 9 10 0    92  000          022  0 0  
 4555555552255263 1   1   1                    87   1000000   0 0  0  000005096 0 0  0 0  
               3 73 3                          0   3          200  0 00000201   0 0  0 0  
 211717711777  3  7   777                      5000 0050 04 000    0     0 000000 0  0 0  
 955523333133695594251                          0 0    50 030 40    400060  0     0  0 0  
 1   154655553 1                                03 8 00 9 0700 0000006   0 0000   0 2 54  
 3 3 3                                         7 01  70 0 0 13           0  0 0 8 00070   
 47663                                           00000  0 005 0000230  6000 0 0 0   0 400 
                                                 5     60 00228   0 90  0 0 0 0 0 0 9 9 4 
                                                 000000 0 09 079  0  06 0 0 0 0 0 50   00 
                                               6300   0 0 00 0 0  00 0  0 0 0 0 0  000 0  
                                               9  00000 0 00 0 0 090 09 010 0 0 0 9590 0  
                                              05        02   0 0      5   0 0 0 0   5 00  
                                            149 0  050 50 00 0 0 0000  0010 0 0 0 950 00  
                                          90000 0  5 8 005 2 2  20   0 0  0 0 0 0   00 0  
               382                        07   70         010 5636  08 60 000 0 0   70 00 
              000023                   00031350 0006  000 0 0    00900300   6   0  000 00 
            0000 045                 800 0  0  0  3 0 0 06000 00   0 055    030900000  0  
            05 0000                     9     1 00    0 0 0019 0 5000 7 000 00 0000 0000  
         290      1                 000  2500 0 0 0001  427    5 1        5  0 1  05  0   
         5 2000300000             5 0 0 8 6   0 0 0 4508    342 44000000  0000  10073 0   
      5000020 0   400             9 000     0 5004040960 00000030  5 0  6 0  700000 0 0   
    0038    000 1 7 00            490   393 42 7 90 0  0 0      0   00  0 0 0    0000 0 0 
    07 0002 8020090 00              400   393  5 00 6000 0000000006 0  0  0 0  00    20 8 
    0 0  00800 0  980                 0004  0290  00002   3      2 00 2   000 00 033 70 0 
    0 0        0  295                   4600   0000   0000000000   0  0000    00 9  9 0 5 
    0 0 00000034 800 00                   754      0000000000000000 3    0    00 3 603230 
    0 0        07  0  0                    3992000 93          6 917000000    60 20       
    010 0000009 9003  0                      00  7 0 000000  93 61 1          79060000020 
    006      1000 0 500                          342    00   0   01 089     53  500  25 0 
               6  0 0                       3005  0  000 03 002 0 00 01     2000 3  20 0  
               0  0 0                      72   5 0 00 090 2907 00  00       0 0    0  00 
               0  0 0                             0    0 0   0  7  81     708 0 15  000 7 
               0 80931                  90000105630 0040 0 70   9 92      70100050        
               0 0 037                  00  0 0 533 6  0 0 0 000          061 3  0      3 
               0 0 03                   0000080 30000000 0  0000        500 0000 0      3 
                                                                                          